1101111111111110111011110111101101111101111111111111111111111011111111111111111111111111111110111111
1111111111111111111111111111111111111110111111011111111011011011111101111101111011111111111111111111
0101111111111111111111111111111111111111111111111111111010111111111111111111111111111011111111111101
1100111101111110111111111110111111111111101111011111111111011010011111111101111111111111011111111101
0111111011011011110110111011011111111111111101111111111111110111101111101011011111011111111101111111
1111111011111111111101110111111111111111111111111111111111111101111111111111111011010110111111011111
1111111111011111111111111111111111111111111111111111101111111111111111111111111111101111111111111011
1111111111110111111111010011111111111011101111111101111111110101111011101111110101111111110011001111
1111111011110110111111111111111111101111111001011111111011111111111110111101101111011111111111111101
1111111111101111111111011111111111101111111111011101111111011111111111111111110111111011111111111111
1101111111101101111111111111011111111111001111111111111111111111111111001111111111111111111111101011
1011111111111111111111111111111011111111111001111111101111101011111110111101111111111111011111111101
1101111111111111111111111111101111101111111111101111111111011010111111111111110111111111011101111111
1101111011110111111111111111101011110111111111101011111101111110110111111111111101111111111111111111
1111110101101111101011111111111111111011111111011111111110111111111111001101111100110011011111011111
1111111110111111111111110110101111111111111111110111110111111111101111111101111011111111111111110111
0111111111111111111110111111111111111110111011111111111111101111111101111111110111011111011111111111
0110111111111111101111111101010111100101111111111111111111111111111111111111111111111111111110111111
1011111111111011111111111011111110111111111111111111111111111111111111110111111101101011111101110111
1111011111111111101111111111111111111110111111111101111111111111010111011111101111001111111111111111
0111111010111111111101111111111101111111111111111111111111111111111001100011111110111111111110111111
1101111111111111011111111111111111111111110111111111111101111011111111111111011111111111110111111111
1111111111111111111111111111111101011111111111100111111111111111111011111101111111111111111111011111
1111111111011111110111111111111111111111111111111111111011111111110110101101111111111110111111111011
1111111011011111111011111111011111111101101111010011111111111111101111111001011111111111111111101111
1111111111110111111111111111111111011111110111111111011101111111110111111011110111011111111111011111
1110111111101111111111111101111111111111011111101111111111111111111101111111110111111111111100111101
1111111111110111110111111111011111110111111110111111111111010111111111111111101010110110111111111111
1111110101101111111111100111111110111101111111111001111100011111100110011111110101111101111111111111
1111110011110111111101111111110111111111101111111111111111111111011111011101111111111101110111111111
1101101111011110111111111111111111010111111101111111111111111111011101111101110011111101111111111111
1111111111111111111111110111111111111111111111101111111111111111011111111111011110110111111011111101
1111111101110111111111111111111111111111111111101111111011111111111111111111111111111111111110111111
1111111111101111111111110111111111111111111111111111111111111111101111111110111111111111110110111111
0111111111111111111110111110101111011111111111111111111111111101111111111111111111111111111101111111
1111110110111111111110111011111111111111111111011110110110111111101111111111111111110111111111101101
1111111110110111101110011011110111010111111011111111111110111111111111111111111111111111101101111111
1111111101111111111111101111111101111111111011101110111111111111110101111101111111111111111111111111
1001111111111111111111111111111111100111111111101111111111011011111110111110111111111111111111111111
1111011111111101011111111111111101111011110111110011111111110111111111110111101111111111111101111111
1111101111111110111101111111111111101111111111101011111011101111111110011111111111110111110111111010
1110111111111111111101011111111111111111111111111111110101111111111111111111111111111111111110110101
1111111101111111011111111111111101111101111111111110111111111111111100111111100111111000111110111111
1101111111110111111111111111110111111111111111011111111111111111011111111111111101011111111110110111
1111111110101111111111111101111111111111111001111101111111110111110111101101111111110111111011110111
1111111111011111111111111011110111111111111111111111111101001111111011111111111110111101111100111111
1110111111111111111111100111111110111110100111111111111111111011101011111011111111101111111101111111
1111011110111111111111111111101111111111111111111111110111111111111111111111101111111111111111111111
1110111111111011111111111111111101111111111111011111111111111101110111101110111111111111111111111111
1011111110111111111111111111111110111111111111101111111111111111101111111101111111111111111111111111
0111001111101111011111111111110111101111110111111101111111111111101110011111111011011111111111111111
1111111111111111111011011111111111111111111111111110110111111111011110111111111111111011111111110011
1101111111001101111110111111111111111101111111111111111110111111111011101001111111111111111110101111
0110111111101111111111111111111111111110111111111001111111111111111110011111111111111111111111101110
1111111111111111011111111111111111111111111111111011011111111010111101110111111111111111111111111111
1111111101111111110101111111111111111111111110111111111101111011111111101101111111011101011111111111
1111111111111111111111111111111111111111111111111111111111011111110111111111111111111101111111111111
1111111101111111111111101111111111111111111011101111101110111101111111111111101111111111111101011111
1111111111111111111111111101111011111111111111110111101101111111111111011111011111111111111111101110
1111101101101101111111111111110110111111110011111111111111111111111111011111011111111111110101111111
1111110011111111111111111111111111111111111101111111111011111111011111101110110110111111011111111111
1111111111111111110111011110111111111111111111111110111111111111011110011111111011101111111111011011
1111111111111011111111111111111101111111111111111111111111111111111111111111111111101111111111111011
1110111111111111111101110111111111111110111111011111111011111111111111111111111111111001111111111111
1011111111111111100111110111111011101111101100111111111111010011111111101111111111111111111110111111
1110110111111111111111111111111111101111111111111111111111111111111101111110111110111111111111111111
1111111111111111111111111111111111111111111111011111111111101100110111111011111111111111011111111010
1111011111111111111111111110111110111111111111011111111111111111111111111111111111111011011111111111
1111111111101111101111111111111111111111111111111011111111011111111111110111101011111111111110111111
1111111111111110111111011111111111111111111111111111110101110110111111111111111110101111111111110111
1111111111111111111111101111111111111101111101111111001111111111111111111111111011111110111011111111
1110111111111111111111111111111011111111110111111110101111111111110011111111011111110111101111111111
1111111011101111111111111111111110111111101111011011110111111111111111111111111011111101111111110110
1111111111111111111111111111101111100111111111111111111100111011111111111111110110111111111111011111
1111111111111111011110111111111111101101111111111111111111111111111111111111111111101111111101111101
1111111111101110111111111111101111110111111111111111111111011111111111111111111011011101111111111111
1111111111101111111101111111110111111111111111111111111111111111101111101111110111111011111111111111
0111111001101011101111111011111111111100110111101111111011111111001111111111111111111111111111101111
1111111111111111111111111111111111111101111111110101011111111101110111111111111111111111111111111111
1111111111111111101111101111111111111110101111111111111111111101101111110111111011110110111110011111
1011111111111101111111101111110011011111111111111111111110110111111111111111111111110111111011111111
1111111111111111111111111110111010011111111111111010111111111101111101111111000111011111101110111111
1110011011111111111101111111101111111111111111111111111101111110111111111111111111011111101111111111
0111111111111011111111111110111111111111101111111111111111011101101101111111111110111111111111111111
0111111111111111111011111010111111111111111111111111111111111111111101110111111111110111101010101111
1111110111111111111111110111111111111101111111111111011001111111110101111111111111011111111111101111
0111111101111110110111111111011111111110101110111111110001111111111111101111111111011111011110111111
1111111101111110111111011111111111111111111111110111111111111110111111110111111111111111111111101111
1111111101111011111111011111011111111111111111111111011111111111101011111111111111111111111111101101
1011111111111111101111111111101111011110111111111111111111111101101011111111111101111111111111110111
0111111111111111111111011111111111111100111110111101111111011111111111111111110111111011111111111111
1111110011111101111111111111110111111111111111111111111101111111111111101111111111111101110011101110
1111011111111101111111111011111110110111111111111111111010111011111110101111111111111111111111011111
1111111111111110111111110110110111011111111111111111110111011111111111111110111111011111111111111111
1111110111111111111111111111111101111111111110100111101111111111111111001111111111111111111111111111
1101101111011111111111111111111011111110101111111110011111111111111111111011111111111111110101111011
1111111011111111101111111110111111110111111111111011111111111111111111111111111111111111111111111111
1111111111111111111111111101111111111111111111001111001110110111101010111111101111111110111111111111
1111101111011111111111111010101111111111111111111111111111111011111111111011101111001111111111111110
1111111111111111111111101111110010111101111111111110101111111111011111110011111011111111101111111111