1111111111111111111111110110111110111111111111110111111111111111110111111111111111111111111111101110
1101111111111111111111111111111111111111111111111111111101111011111111111111111101111110111111011111
1111101101111111001011111111111111111011111111011111011001110111111111111111111111111011111111111111
1111111111111100111111111111111111111111111111111111111111111111001111111111111011111111111111111111
1111111111111111111111101101111111111011111111111111111101001111111101111111101111010101111111111111
1111111011111111111111111111111111011111111111111111110111111111111111111111111011111111110111111111
1001111111111111111101011111111111111111001111111110111111011111111111111111111011011111111111110110
1111111101111111110110100111101110111111111111111101111111101101111111111111111101111011111111111111
1111111111111111111111111111111111111011111011111010101111111111011111110111101011111111111111111111
1111111110101111111111111110111011011111111111111111111011111111111110111111101111111110111111111111
1101111101111111111111111111001101101111111011111110101111011111111101111110010111111111111111010011
1110111111111111101111110111011111111111111111111111111111111111111111111111111111111011111111111011
0111001111111111110111111011111101110111111110100101100111111111111110110100111001011100011111111111
0111110110011111111111101111111110111111111111111011111111101111111111111111101111111110111111111111
1111011111110110111111111111111111111111111111111101111111110111111111111111111101111111111011111111
1111111111111001111110111111111111111111111111000111101111111101111111111101111001111101111111111110
1111111111101111011111101011111110111111011111111111111110101111110111111111111111111111111111110101
0111111011111111111111111111101111111111111101011001111111101111111011111111111111111011101111101101
1111111111011111101111111111010111111111000111111111111101111110101111110111111111111110101111111101
1111111111111111111111111110111111111111101111110111111111110111111111111111011111011111111111111111
1111111111110111111111111111111111111111111111110011111111011111111111111111111111111111111111111101
1111111110111111111111111111111011111111111011111111111110101111010111101111111111111111111111111111
1111111101111111111111111111111101111111110011110011111111111111011011110111111101111111011111101111
1111111111111111111111111111110111111101111111011101111111111101111111111111111111101011110111111111
1110111111111111110111111011111011111111110111111111111111111101111111111111110111111110111111111111
1111111111111111111111111111111111110111111111111101111011111111111111111101111111111111011111111110
1111111111111001111111111011111111110111111111110111011111111111111111101111110110110011111111110111
1111101111111001001111111011100110111111111111111111111111111001111111101110111111111110111111111111
1111111111111011111111111011111111110111111111101111011111111111111111110111011011111111011111111111
1110011111111111111111111111111111101111011101101111111111111111011111111111111111111111101111111101
1111111111111111111111111111110011111111111111011111111111111111001111110111111111111111111111111111
1111111011111101111111101110111101111111111111111111111101111111111111111111111111111111111111111111
0111110110111111111111111111111111111111111111111110111111100111111111111111111111011111111111111111
1111111011111111111111111111111111111111111111111111111111110111111101111111110111111111111111111111
1111111010111111011111111111111111111111011101111111111111111111111111111111111001011101111111111111
0111111111111111101111111101111110111111011111111111110111111111111011110101111011001101111111111111
1111111111101111110111101111111011111111010111101111111111111111111111110011111111111111111110011111
1111111111111111111111111111111011111111111110111111111111111111101110011110111011011111111110111111
1111111111111111111111101011101111111111111111111111010111111101111111011111101011111111011111111101
1111111101101111110111111110111111111111101111111111111111111011111111111111101111111111111111111111
1110101101111111111111011111111011111111111111011111111110111111111111111111111111110101110011111111
1111111111111101111111111101011111111110111111111111111111111101011111101100111111111111111111111111
1111100110111111111111011111011111111011111111111101111110101101011111111111011110111111111101101111
1111111111111111111111111111111011111110101001111111111111111101111111011111111100100111111011111111
1110011101111110111111111111111111011111111011111111111101111111111111111111111110111111111101011111
0111111110111110111111111110111111011111111111111111111111111111111111111011111111110111111111111111
1110011111011111111110111111111111111111110111110111111111110111101111111111011111111111111111111111
1111110111111111111001110111111111111101111111111111111111111111111111111111111111111111111111110111
0111110111111111011110011111011111111111110111111111111110111111111111111111111111111011010111111111
1011101111111101111111111111111111111111111111101111111111111111110111111111111111111111111111111111
1111111111111101111111101111111111111111111110111111111110111111111011111101111111111111111110110101
1111111111101111111111111110111111111110111111111111111111111011111111101111111011111111111111111111
1100111111111111111001111101111101111111111111110111011011111111111111111111111111111011111111111111
1111111111111011011111111111111111111110111111111111111111111100111111101111111101111111111111111111
0111111111111111110101111111011011110101111100111111111111100111111111111110111111101111110111101110
1101011110111110111111111111111011111111101111111111011111111111111111111111111111111111111011011011
1111111011111111111111111111111111011111111111011111101111110011111111111111111111111101111111111111
1011111111101111111111111011111111011101101111111111111111111111110111111111101110011111111111111111
1111111111111111011111011111111111111111111111011110111111111011111111111111111111111111111111111111
1111111111111111111110111111111110111111111111111010111011111111011111111111111111111111011101111101
1011111101111111111111111111111111110111111110011110111111111110111111111110111111111111111111011111
0110111110011111111111111101111111111111111111111111111111000011111110101111111111101111011011111100
1111111111101111111101111111001111111111011111111111011111111101111111110010111111111111111111011111
0111100111111011101111111111111111111111111101111111111111111101011111111111111111011111111111101111
0111111111110111011111111110110111111111101111111111111111111101111011111101111111111110111111111111
1111111111111111011111110111111111111111111111111111111111111111111111111111111111111111111111111111
0101111001111011111011111111111111111111111111111111011011011101111011110111101111111111111111111111
1011111111110111111011101111110110111111010011111111111111111111111111011111111111111111111111111100
1111111111111111111111110111111011111101101111111101111111111111111111110101101111111111011111111111
1111101011011101111110110000101111111111110111111011111111011111111111111011111111111111011111111011
1111111111111111111111111111111111011011110111111111111011011111111111101110111000101111111111111111
1111111111111111111111110111111110110111011011011111111111111111111111001100111110111111111111111111
1111111111111111011111111110011111111111111111111111111110111111111011011111111111011101111111110111
1111111111111111111011101111111111111101111111111111111111111111011111111111111111101111111111111110
1011111101111111111111111111111111111011111111011111111111001111111101111000011111101110110110111011
1111111111111011111101111110111011111111100111011010110111111111101111111101111111111011111110111111
1101111011111111011011110110011111111111111111111011111110111111111111111111111111111111011111110111
1110111111011111111111001111110111111101011000011111111101110111111111101101111111111111110111111111
1011111111011111110111111101111111111111111110111110111101111111111111111111111111111111101111111111
1111101110111111111111111011110110101110111101111111111111110111111011111111111111111110111101111110
0101111101111111100110111111111101111001111101111111110111111110111111111101101111111111110110111110
1111111111110110111111011111011111111111111011111101111111111111111111110111111011111111111101111110
1111111111110111111111101111110110111011111001111011100111111101011111111111111111111110011111111001
1111111111111111100110111011111111111111111111111111111011101111010111111111111011101111111111111110
1111111100111111111101111111111111111111111000110111111111110111111111111101111110111110111011111111
0111111111110111111111101111111111111001111111101011111111010111101111111111111111101111111111111111
1111111111111111111011111111111011101111111111111111110111010111111111111111111011111111111110110111
0111111100011111110011111110111111111111011111101111011111111111011011111100111111111001011101111111
1101111111111111111111011111111111101111111111101111111010111111111101111111111111111111110001111101
1111111111111111011111010111110111111011011111111111110111111111011111111101111111110101111111110111
1111111111110110111111111110111111111111110111111111111111111011101111111011111111111111111101111011
1110111101111110111111101111011111111111111111111101110111111111111110111111111111101111111110111111
1111111111111111111111111011010111111111111110111111111101111100111111111111011101011111110011111111
1111111111111111111111101111111011111111111111111111111111011111111101111111111011111111111111101011
1111110111111111111111111111111111111111011111111111110111111111111110110110111111111111111011111101
1111111111111111111111110101111111101111011111111111111011111101011111111110111111111111111111111111
1110101111111011111110111011110011111111110111111101111111111101111110111111011001111111111111111111
1111111011111111111111111100111111111111111110111011111111111111111011111110011111011111111111111111
1101110111110111111111101011111010111101111110111111111111111111111101111111111111101111111111101011
0111101011011111111101111111111011011011111111111111111111110010110111011110111111111110111111111011