1101111111111101111111111111111111111111111001111111010111101111111100101110111111111111110011110111
1010111111111111110111110111111110111111111111011111011111111111111111101111111111111111101010111111
1111111111110111111010111111110011011101111111111111111000111111111111101111111101101111111110110111
0111101001111111111111111111101111111111111111100111111110111111111111011110111111011100111110011111
1111011111110111111111111111111111111101110111111101111101011111111111011111111101111101111111111111
1111111111111111011111111111111111111111111111111111111111111011110111111101111111001111111101111111
1011111111111111111011011111111111111110111111111111111111111011111111011111111110111111111111110111
1111111111111111111111110101101110111001111111111011111111011101011111111111111111111101111111111110
1111111101110011011101111111111111111111110111110111011011111111101111111011111111101111111010010011
1111111101111111111111110111111011111111111111011111111111111111011011111011111111111111101110111111
0110110111111011111101111111111111111111111011111111011111111011010111111111111111111111111111111011
1111111111101111111111111111111101111111111111011111111111111111111111111111111111101111111110111111
1111110111110111111110101111110111111111011111111111111111111111111111111111110111111111111101110011
1111111101111101111110111110111111111111010101111110111111111111110011111111111111111101111111101110
1111111101101011111101101111111111110111111111111101111110111111111111111011101111111111111011111111
0111111110111111110110111011111111011111111011111111111111011111111111111111111111100111110111111111
1101111011111111111101101111111111111111111110110111111101111011111111111011111111111111101111101101
1101111111111111111111111111111111111111111111111111111111100011011011110110111111111110111111111111
1111111111110111000111110111111111111111111111011111111111010111111111110101110110111111111011111111
0111011111110111111111111110111110111111110101111101111000111111111101111111111111111111111101111111
1111111111011011111111111111111111011111111111111111111111111011111111111111111111111111111111111111
1111111111111111111111111111111101001111111011111111101111101111111111111111111111111111011111111111
1101111111111111101111111111111011111111111111110111111111101111111111111111111101111111011111111111
1111111111111111010111111111110111111111111111011111011111111111111111111001111111111111110011111011
1110110111111011111011111101111111111111111111111100111010011111111111110011101111110111101101111111
1111111111111111110011110111111111011111100111111111111101111111111111111111111111011101111111111111
1111110111111111111111111101101111111101111111101111001101110111011111111111111111111111111111111111
1101111110111111111111111111111111111111111111111111111110111111111001011111111111111111110111111111
1111111111111111011111011111110111111111111110011110011111111111100111111111111011111111111011111111
1011111011111111111111111111111111111111101111111111111111111101111101111111111111111110101111111111
1111111111111111111111011111111111111110111111111111111111110111111111110111011111101011111110110110
0111111011111101111111011111111111011111111111111111011111111111111111111111111111110111011111011111
1011111111111111111011111111011111111111111111110111111111111111111111111111111110111111111111111111
1111111011111111111110111111111111111111111111111111101111111110011111111111111111111111111111111111
1111111111111111111111111111111011111111110111111111111111101011111111101110111100110111111111111101
1111111111111111111111111111010111111101011101111111100111111111111111111111111111011110111111111101
1111110111111111111111111011111111110111111011111111101111111010111111111011111111111011111111111111
1111111111111101101111111111111011111111101111110111111111101110111011110011111111110111101111111111
1111111110111011111111011111010110011111010111111111111110111111110111111110110111111110111111110111
1111111011101111111111111111110110011111101111111111110011111111111111111011111111111111111110100111
1111111111111111111011111111011111111111111111111111110110111111111011111111111111110011111111111111
1111111111110111111111111111111111111111111111101111111011111110110111111111111111111111111101111111
0111111111111111111001111111111111111111111111101100111111111111111111111100111111111011111111111111
1111011111111110111110111111111100111101111111111111011111110011111111111111111111111011111111101111
1011111110011111111111101111111111110111111111110111111111111111111111111011100110111011111111101111
1110111100111111011110111111111111111011110111100011111111111111111011111111110111111111111111111111
1111111111111111111111110111111111011111111111110011110111110111111111100101111111110111110011011111
1111111111111111111111111101111111111111111111110111001011111110111111111111110110111111111111111111
1111111111111111111111111111111111111111111111111111111111101111111101111111111111011111111101111101
1111111101111111111101111110111111111110111110101110011110111101111111111101111111110111111111100111
1101110110111111111011111110111110011111011011101111111011111111111111011111111111101111111111111101
1111111111101011111111111110111111111111101111111101111101110101111111111111111111111111111111111011
0111111111111110111111111111111111011111111111111111111010110111010110111011111101111111111111111111
1111111111111111111111110111111111001111001111111111111110111111110111111110101111111111100011010111
1011111111111111111110111111111011111111111101111110110111111110111111111111111101110111111110101111
1011011110111111111111111110101011110010010111111111111111011111111111111111110011111111111010111111
1111111111111111111111011111011111011111111110111111111111111111111111111111110101111111110100111011
1111111111111110111111101111101111111111111101111111111111101111111111111101011111111111111111011111
1101110111110111111111011110111110110111111111101111111111111111111111111011011110111011111111111110
1111111111111011111111111111111111111111111101101111111111111011111101111111110011111110111111011111
0111111111011111111011111110111111111110111111111111011101111101011111111111110010101111111111110111
1111111011111111111010111111111110101011111110111110111111111111110111111111111111111111111111101111
1111111111110110111111011011110111101111011111111111111111111101111111111111111011111111111111111111
1111111011111111110111101111011000111111111111110111111110111111111111111111111111111111101111111111
0111111111111111111111111111011111111011111111111111111101110111111111111111111111111111111011111001
1111011111111111111111111111111111101111111111011001110111111111101111111101111111101110110111111111
1111110111111111111111111111111111111110111111111111100111110111111110111111111111111011001111110111
1111111111111110111101111111111111111111111111011011111111111111111111111011111111111111110100111111
1110111111111111111111111111111111111110011111111111111111100111111111111111111111111111111011110111
1111111111111111111111111101111110111111110111111101111111111101111101111111111111111011111011111111
1011011111111111111111011110111110111111111110111111111111111111111110110111111111111111111111111110
1111101110110111111111011111010011111111110111111111111111101110110111110101111101101111111110111111
1111111111011111101111111111111111100111110011101110111110111111111111111111111001111111111111111101
0111011101111111111111110111001101111111111111111111111111111111111101111011110111110011011111111111
1111111101111111111111101101111011111111101100110111111111101111111101111111111111110110111111111111
1111111111100111111101111111111111111111111111111111111101111111110111111111111111111111111111111111
0111111111001110101111111111111100111111101111111111101111111111101111111111011111111011111111111011
1111101111111111111011111111111111101111111111111111110111111111111111111111111101111101111111111111
1111111111111111111110111011111110011111111111111111111111111111111111111111111111111110111111100111
1111111111111111111111111111111111100110111111110110111101111111111110111111111111111111111110111111
0111011001111111111101101111110111111111110111111011011101111111111111011111101111110111111111110111
1111111111111111111111101111111111011111111111101111101101011111111111111110111110111111001111111110
1111110011110110111011111111111111111111111111111011111111111111111101111111111111111111111100111111
1011111111111110111111110111011111111111111110111111111111111011111111111111111100011111111111111111
1111100101111111111111111111111111001111111111111111110111100111011011111001011111111111111110111111
1111111001111010101111111111111011110110111111111110111111110111110111111110101101010111011111111101
1111111111111111111111111111111101111111011111110101111001111111111101111111111111111011010111111011
0111111101011101111111011110111111111101110111111111111111111111101111001111111111111111111111111111
1111011111111111111111110111110011110111111001011111011111011111111111111111010111111111111111110111
1011111111111111111110111111111111111111111111111111011111111111101111111111101111111111111110101111
1111110111101111111111111111110111111111010111111011111101101111111111111101111111111111111111111111
1111111111111111111111111110110111111111111111110110111111111111111111111111011111111111111111101101
1111111111111011111111111101111110111111111011011011111111111111111111111110111111111111111111111111
1111111111010011111111111111011110111111110110111111111101101111111111111111011111111101111111111111
1111111110111111111111111111111111111111111111111111110111111111111111111110111111110111111111111111
0111101101110111011111111110111111111111111111101111010111111111110111111101111111111111011111111111
1001111111011111110111111111111011111111111111111001111111011111111011111111111011111011111011111110
1111111111110110101111111110111111111111111111011111101110011111111110111111111111111111111011111111
1110111011011111111001101111111111101110001111111101111111111111111111111111111111111111111111111111
1111111111111111101111111110111111101111111011101111111111111111111111111111111011111111111111111111